[Slice 1]
00000100000000011111111000000001
00000100000000011111110100000010
00000100000000011111101100000100
00000100000000011111011100001000
00000100000000011110111100010000
00000100000000011101111100100000
00000100000000011011111101000000
00000100000000010111111110000000

[Slice 2]
00000100000000011111110100000001
00000100000000011111101100000010
00000100000000011111011100000100
00000100000000011110111100001000
00000100000000011101111100010000
00000100000000011011111100100000
00000100000000010111111101000000
00000100000000001111111110000000

[Slice 3]
00000100000000011111101100000001
00000100000000011111011100000010
00000100000000011110111100000100
00000100000000011101111100001000
00000100000000011011111100010000
00000100000000010111111100100000
00000100000000001111111101000000
00000000000000011111111110000000

[Slice 4]
00000100000000011111011100000001
00000100000000011110111100000010
00000100000000011101111100000100
00000100000000011011111100001000
00000100000000010111111100010000
00000100000000001111111100100000
00000000000000011111111101000000
00000100000000011111111010000000

[Slice 5]
00000100000000011110111100000001
00000100000000011101111100000010
00000100000000011011111100000100
00000100000000010111111100001000
00000100000000001111111100010000
00000000000000011111111100100000
00000100000000011111111001000000
00000100000000011111110110000000

[Slice 6]
00000100000000011101111100000001
00000100000000011011111100000010
00000100000000010111111100000100
00000100000000001111111100001000
00000000000000011111111100010000
00000100000000011111111000100000
00000100000000011111110101000000
00000100000000011111101110000000

[Slice 7]
00000100000000011011111100000001
00000100000000010111111100000010
00000100000000001111111100000100
00000000000000011111111100001000
00000100000000011111111000010000
00000100000000011111110100100000
00000100000000011111101101000000
00000100000000011111011110000000

[Slice 8]
00000100000000010111111100000001
00000100000000001111111100000010
00000000000000011111111100000100
00000100000000011111111000001000
00000100000000011111110100010000
00000100000000011111101100100000
00000100000000011111011101000000
00000100000000011110111110000000

[Slice 9]
00000100000000001111111100000001
00000000000000011111111100000010
00000100000000011111111000000100
00000100000000011111110100001000
00000100000000011111101100010000
00000100000000011111011100100000
00000100000000011110111101000000
00000100000000011101111110000000

[Slice 10]
00000000000000011111111100000001
00000100000000011111111000000010
00000100000000011111110100000100
00000100000000011111101100001000
00000100000000011111011100010000
00000100000000011110111100100000
00000100000000011101111101000000
00000100000000011011111110000000

[Slice 11]
00000100000000011111111000000001
00000100000000011111110100000010
00000100000000011111101100000100
00000100000000011111011100001000
00000100000000011110111100010000
00000100000000011101111100100000
00000100000000011011111101000000
00000100000000010111111110000000

[Slice 12]
00000100000000011111110100000001
00000100000000011111101100000010
00000100000000011111011100000100
00000100000000011110111100001000
00000100000000011101111100010000
00000100000000011011111100100000
00000100000000010111111101000000
00000100000000001111111110000000

[Slice 13]
00000100000000011111101100000001
00000100000000011111011100000010
00000100000000011110111100000100
00000100000000011101111100001000
00000100000000011011111100010000
00000100000000010111111100100000
00000100000000001111111101000000
00000000000000011111111110000000

[Slice 14]
00000100000000011111011100000001
00000100000000011110111100000010
00000100000000011101111100000100
00000100000000011011111100001000
00000100000000010111111100010000
00000100000000001111111100100000
00000000000000011111111101000000
00000100000000011111111010000000

[Slice 15]
00000100000000011110111100000001
00000100000000011101111100000010
00000100000000011011111100000100
00000100000000010111111100001000
00000100000000001111111100010000
00000000000000011111111100100000
00000100000000011111111001000000
00000100000000011111110110000000

[Slice 16]
00000100000000011101111100000001
00000100000000011011111100000010
00000100000000010111111100000100
00000100000000001111111100001000
00000000000000011111111100010000
00000100000000011111111000100000
00000100000000011111110101000000
00000100000000011111101110000000

[Slice 17]
00000100000000011011111100000001
00000100000000010111111100000010
00000100000000001111111100000100
00000000000000011111111100001000
00000100000000011111111000010000
00000100000000011111110100100000
00000100000000011111101101000000
00000100000000011111011110000000

[Slice 18]
00000100000000010111111100000001
00000100000000001111111100000010
00000000000000011111111100000100
00000100000000011111111000001000
00000100000000011111110100010000
00000100000000011111101100100000
00000100000000011111011101000000
00000100000000011110111110000000

[Slice 19]
00000100000000001111111100000001
00000000000000011111111100000010
00000100000000011111111000000100
00000100000000011111110100001000
00000100000000011111101100010000
00000100000000011111011100100000
00000100000000011110111101000000
00000100000000011101111110000000

[Slice 20]
00000000000000011111111100000001
00000100000000011111111000000010
00000100000000011111110100000100
00000100000000011111101100001000
00000100000000011111011100010000
00000100000000011110111100100000
00000100000000011101111101000000
00000100000000011011111110000000

[Slice 21]
00000100000000011111111000000001
00000100000000011111110100000010
00000100000000011111101100000100
00000100000000011111011100001000
00000100000000011110111100010000
00000100000000011101111100100000
00000100000000011011111101000000
00000100000000010111111110000000

[Slice 22]
00000100000000011111110100000001
00000100000000011111101100000010
00000100000000011111011100000100
00000100000000011110111100001000
00000100000000011101111100010000
00000100000000011011111100100000
00000100000000010111111101000000
00000100000000001111111110000000

[Slice 23]
00000100000000011111101100000001
00000100000000011111011100000010
00000100000000011110111100000100
00000100000000011101111100001000
00000100000000011011111100010000
00000100000000010111111100100000
00000100000000001111111101000000
00000000000000011111111110000000

[Slice 24]
00000100000000011111011100000001
00000100000000011110111100000010
00000100000000011101111100000100
00000100000000011011111100001000
00000100000000010111111100010000
00000100000000001111111100100000
00000000000000011111111101000000
00000100000000011111111010000000

