[Slice 1]
1 1 1 0 0 1 1 1
1 1 1 0 0 1 1 1
1 1 1 0 0 1 1 1
0 0 0 0 0 0 0 0
0 0 0 0 0 0 0 0
1 1 1 0 0 1 1 1
1 1 1 0 0 1 1 1
1 1 1 0 0 1 1 1

[Slice 2]
1 1 1 0 0 1 1 1
1 1 1 0 0 1 1 1
1 1 1 0 0 1 1 1
0 0 0 0 0 0 0 0
0 0 0 0 0 0 0 0
1 1 1 0 0 1 1 1
1 1 1 0 0 1 1 1
1 1 1 0 0 1 1 1

[Slice 3]
1 1 1 0 0 1 1 1
1 1 1 0 0 1 1 1
1 1 1 0 0 1 1 1
0 0 0 0 0 0 0 0
0 0 0 0 0 0 0 0
1 1 1 0 0 1 1 1
1 1 1 0 0 1 1 1
1 1 1 0 0 1 1 1

[Slice 4]
1 1 1 0 0 1 1 1
1 1 1 0 0 1 1 1
1 1 1 0 0 1 1 1
0 0 0 0 0 0 0 0
0 0 0 0 0 0 0 0
1 1 1 0 0 1 1 1
1 1 1 0 0 1 1 1
1 1 1 0 0 1 1 1

[Slice 5]
1 1 1 0 0 1 1 1
1 1 1 0 0 1 1 1
1 1 1 0 0 1 1 1
0 0 0 0 0 0 0 0
0 0 0 0 0 0 0 0
1 1 1 0 0 1 1 1
1 1 1 0 0 1 1 1
1 1 1 0 0 1 1 1

[Slice 6]
1 1 1 0 0 1 1 1
1 1 1 0 0 1 1 1
1 1 1 0 0 1 1 1
1 0 0 0 0 0 0 0
1 0 0 0 0 0 0 0
1 1 1 0 0 1 1 1
1 1 1 0 0 1 1 1
1 1 1 0 0 1 1 1

[Slice 7]
1 1 1 0 0 1 1 1
1 1 1 0 0 1 1 1
1 1 1 0 0 1 1 1
1 0 0 0 0 0 0 0
1 0 0 0 0 0 0 0
1 1 1 0 0 1 1 1
1 1 1 0 0 1 1 1
1 1 1 0 0 1 1 1

[Slice 8]
1 1 1 0 0 1 1 1
1 1 1 0 0 1 1 1
1 1 1 0 0 1 1 1
1 1 0 0 0 0 0 0
1 1 0 0 0 0 0 0
1 1 1 0 0 1 1 1
1 1 1 0 0 1 1 1
1 1 1 0 0 1 1 1

[Slice 9]
1 1 1 0 0 1 1 1
1 1 1 0 0 1 1 1
1 1 1 0 0 1 1 1
1 1 0 0 0 0 0 0
1 1 0 0 0 0 0 0
1 1 1 0 0 1 1 1
1 1 1 0 0 1 1 1
1 1 1 0 0 1 1 1

[Slice 10]
1 1 1 0 0 1 1 1
1 1 1 0 0 1 1 1
1 1 1 0 0 1 1 1
1 1 1 0 0 0 0 1
1 1 1 0 0 0 0 1
1 1 1 0 0 1 1 1
1 1 1 0 0 1 1 1
1 1 1 0 0 1 1 1

[Slice 11]
1 1 1 0 0 1 1 1
1 1 1 0 0 1 1 1
1 1 1 0 0 1 1 1
1 1 1 0 0 0 1 1
1 1 1 0 0 0 1 1
1 1 1 0 0 1 1 1
1 1 1 0 0 1 1 1
1 1 1 0 0 1 1 1

[Slice 12]
1 1 1 0 0 1 1 1
1 1 1 0 0 1 1 1
1 1 1 0 0 1 1 1
1 1 1 0 0 1 1 1
1 1 1 0 0 1 1 1
1 1 1 0 0 1 1 1
1 1 1 0 0 1 1 1
1 1 1 0 0 1 1 1

[Slice 13]
1 1 1 0 0 1 1 1
1 1 1 0 0 1 1 1
1 1 1 0 0 1 1 1
1 1 0 0 0 1 1 1
1 1 0 0 0 1 1 1
1 1 1 0 0 1 1 1
1 1 1 0 0 1 1 1
1 1 1 0 0 1 1 1

[Slice 14]
1 1 1 0 0 1 1 1
1 1 1 0 0 1 1 1
1 1 1 0 0 1 1 1
1 0 0 0 0 0 1 1
1 0 0 0 0 1 1 1
1 1 1 0 0 1 1 1
1 1 1 0 0 1 1 1
1 1 1 0 0 1 1 1

[Slice 15]
1 1 1 0 0 1 1 1
1 1 1 0 0 1 1 1
1 1 1 0 0 1 1 1
0 0 0 0 0 0 1 1
0 0 0 0 0 0 1 1
1 1 1 0 0 1 1 1
1 1 1 0 0 1 1 1
1 1 1 0 0 1 1 1

[Slice 16]
1 1 1 0 0 1 1 1
1 1 1 0 0 1 1 1
1 1 1 0 0 1 1 1
0 0 0 0 0 0 1 1
0 0 0 0 0 0 1 1
1 1 1 0 0 1 1 1
1 1 1 0 0 1 1 1
1 1 1 0 0 1 1 1

[Slice 17]
1 1 1 0 0 1 1 1
1 1 1 0 0 1 1 1
1 1 1 0 0 1 1 1
0 0 0 0 0 0 0 1
0 0 0 0 0 0 0 1
1 1 1 0 0 1 1 1
1 1 1 0 0 1 1 1
1 1 1 0 0 1 1 1

[Slice 18]
1 1 1 0 0 1 1 1
1 1 1 0 0 1 1 1
1 1 1 0 0 1 1 1
0 0 0 0 0 0 0 1
0 0 0 0 0 0 0 1
1 1 1 0 0 1 1 1
1 1 1 0 0 1 1 1
1 1 1 0 0 1 1 1

[Slice 19]
1 1 1 0 0 1 1 1
1 1 1 0 0 1 1 1
1 1 1 0 0 1 1 1
0 0 0 0 0 0 0 0
0 0 0 0 0 0 0 0
1 1 1 0 0 1 1 1
1 1 1 0 0 1 1 1
1 1 1 0 0 1 1 1

[Slice 20]
1 1 1 0 0 1 1 1
1 1 1 0 0 1 1 1
1 1 1 0 0 1 1 1
0 0 0 0 0 0 0 0
0 0 0 0 0 0 0 0
1 1 1 0 0 1 1 1
1 1 1 0 0 1 1 1
1 1 1 0 0 1 1 1

[Slice 21]
1 1 1 0 0 1 1 1
1 1 1 0 0 1 1 1
1 1 1 0 0 1 1 1
0 0 0 0 0 0 0 0
0 0 0 0 0 0 0 0
1 1 1 0 0 1 1 1
1 1 1 0 0 1 1 1
1 1 1 0 0 1 1 1

[Slice 22]
1 1 1 0 0 1 1 1
1 1 1 0 0 1 1 1
1 1 1 0 0 1 1 1
0 0 0 0 0 0 0 0
0 0 0 0 0 0 0 0
1 1 1 0 0 1 1 1
1 1 1 0 0 1 1 1
1 1 1 0 0 1 1 1

[Slice 23]
1 1 1 0 0 1 1 1
1 1 1 0 0 1 1 1
1 1 1 0 0 1 1 1
0 0 0 0 0 0 0 0
0 0 0 0 0 0 0 0
1 1 1 0 0 1 1 1
1 1 1 0 0 1 1 1
1 1 1 0 0 1 1 1

[Slice 24]
1 1 1 0 0 1 1 1
1 1 1 0 0 1 1 1
1 1 1 0 0 1 1 1
0 0 0 0 0 0 0 0
0 0 0 0 0 0 0 0
1 1 1 0 0 1 1 1
1 1 1 0 0 1 1 1
1 1 1 0 0 1 1 1

